0.1183
0.1321
0.0981
0.1274
0.2776
0.3153
0.5744
0.5558
0.6836
0.7278
0.7486
0.7226
0.7423
0.7700
0.7491
0.7953
0.7705
0.7840
0.7830
0.7865
0.7848
0.7860
0.7893
0.7917
0.7789
0.7942
0.8034
0.8027
0.8036
0.8055
0.7922
0.8111
0.7906
0.8021
0.7988
0.8056
0.8063
0.8021
0.7983
0.8187
0.8034
0.8092
0.8003
0.8179
0.8140
0.8154
0.8096
0.8025
0.8051
0.8100
0.8194
0.8175
0.8185
0.8175
0.8183
0.8214
0.8253
0.8228
0.8283
0.8169
0.8144
0.8178
0.8162
0.8143
0.8243
0.8173
0.8204
0.8242
0.8142
0.8102
0.8136
0.8246
0.8220
0.8220
0.8143
0.8182
0.8107
0.8237
0.8285
0.8242
0.8179
0.8195
0.8309
0.8131
0.8259
0.8213
0.8233
0.8222
0.8164
0.8238
0.8240
0.8208
0.8245
0.8197
0.8165
0.8209
0.8143
0.8194
0.8242
0.8242