[0.20160000026226044,
 0.13640000075101852,
 0.15720000267028808,
 0.1679999992251396,
 0.3547999978065491,
 0.45600000619888303,
 0.6540999948978424,
 0.6620999991893768,
 0.7592000067234039,
 0.7306000053882599,
 0.7729999959468842,
 0.7634999990463257,
 0.7278999984264374,
 0.796399998664856,
 0.7869000017642975,
 0.7606999993324279,
 0.7669000029563904,
 0.7803000032901763,
 0.809500002861023,
 0.7832999944686889,
 0.8021000027656555,
 0.7962999999523163,
 0.793800002336502,
 0.8074000000953674,
 0.8149999976158142,
 0.8143000125885009,
 0.7987000048160553,
 0.8004999995231629,
 0.7991000056266785,
 0.81700000166893,
 0.816399997472763,
 0.8159999907016754,
 0.8092000007629394,
 0.8026000022888183,
 0.8168000042438507,
 0.8100999891757965,
 0.8258999943733215,
 0.8052000045776367,
 0.8089000046253204,
 0.8009000062942505,
 0.8138000011444092,
 0.8214999973773957,
 0.8134000122547149,
 0.8171999990940094,
 0.8240000009536743,
 0.8164999961853028,
 0.8281000018119812,
 0.8294999957084656,
 0.8270999968051911,
 0.8268000066280365,
 0.8348999917507172,
 0.8240000009536743,
 0.8207000017166137,
 0.8385000050067901,
 0.8275000035762787,
 0.8404000103473663,
 0.8299000024795532,
 0.8269999980926513,
 0.8268999934196473,
 0.8374000012874603,
 0.8333999991416932,
 0.8324000000953674,
 0.8331999897956848,
 0.8249999940395355,
 0.8253999888896942,
 0.837799996137619,
 0.8254000008106231,
 0.8353000044822693,
 0.8306999862194061,
 0.8324999988079071,
 0.8310000002384186,
 0.8247999966144561,
 0.8301999986171722,
 0.8327999949455261,
 0.8333999991416932,
 0.831300002336502,
 0.8367999970912934,
 0.8299000024795532,
 0.8388000071048737,
 0.8333000004291534,
 0.8337000012397766,
 0.8383000016212463,
 0.8401000022888183,
 0.8360000073909759,
 0.8355000019073486,
 0.8383999943733216,
 0.8361999928951264,
 0.8282000064849854,
 0.8365000069141388,
 0.8357999980449676,
 0.8334999918937683,
 0.8326000094413757,
 0.8337000012397766,
 0.8392000079154969,
 0.8337000012397766,
 0.8361999988555908,
 0.8331999957561493,
 0.8478000044822693,
 0.838099992275238,
 0.8360000014305115]